4,reward,0,2782.9466818286023
4,reward,1,9464.367255463487
4,reward,2,9455.740681899428
4,reward,3,9404.387091306464
4,reward,4,2487.1214225355243
4,reward,5,5428.508945234153
4,reward,6,5727.249777381892
4,reward,7,4221.165712942355
4,reward,8,2577.8887476061345
4,reward,9,823.6506822947126
4,reward,10,9410.401553732816
4,reward,11,9427.457469039931
4,reward,12,9443.400234720308
4,reward,13,2216.0674677325437
4,reward,14,2439.5053535314
4,reward,15,3137.813056105231
4,reward,16,3459.35740591964
4,reward,17,9451.401879596498
4,reward,18,3221.0619247142768
4,reward,19,3424.9351946718884
4,reward,20,608.8943725587374
4,reward,21,368.1941567167635
4,reward,22,407.8432300373813
4,reward,23,306.84873476361315
4,reward,24,618.8997423476194
4,reward,25,328.3236024345597
4,reward,26,334.1073124675853
4,reward,27,206.39647499282546
4,reward,28,9442.241061665092
4,reward,29,1318.087691500918
4,reward,30,107.75187951237194
4,reward,31,380.43186247992924
4,reward,32,912.9349852839891
4,reward,33,287.74929465485275
4,reward,34,2497.170106433963
4,reward,35,200.1289418004327
4,reward,36,343.9738138901919
4,reward,37,1110.9460889455374
4,reward,38,2867.0123355786045
4,reward,39,270.76424195868617
4,reward,40,535.3175645819119
4,reward,41,3079.57551926626
4,reward,42,2216.0064435417403
4,reward,43,5675.27660788363
4,reward,44,3747.652010877042
4,reward,45,5295.864267241529
4,reward,46,609.8484803627241
4,reward,47,9424.148246710036
4,reward,48,9502.440049226432
4,reward,49,9503.965866561442
4,reward,50,9435.64051514561
4,reward,51,9468.214991979454
4,reward,52,9375.205616884516
4,reward,53,9447.603628953579
4,reward,54,9425.200524080574
4,reward,55,9483.81449853776
4,reward,56,9449.902121982448
4,reward,57,9479.701809092952
4,reward,58,9501.418988182257
4,reward,59,9445.358847761507
4,reward,60,9486.927066507258
4,reward,61,9425.149299118242
4,reward,62,9469.236087027912
4,reward,63,9438.707960556716
4,reward,64,9440.336184328367
4,reward,65,9441.373400406283
4,reward,66,9462.574629683379
4,reward,67,9479.061526808306
4,reward,68,9475.568679131818
4,reward,69,9498.955126970646
4,reward,70,9436.418337260042
4,reward,71,9443.13673423039
4,reward,72,9410.663628590453
4,reward,73,9488.34624171418
4,reward,74,9467.920805264734
4,reward,75,9443.142426899987
4,reward,76,9441.726257286497
4,reward,77,9464.62239512035
4,reward,78,9493.344848290752
4,reward,79,9488.991447079985
4,reward,80,9432.48650134238
4,reward,81,9507.728038116558
4,reward,82,9493.733004555244
4,reward,83,9509.185349889949
4,reward,84,9489.955981837542
4,reward,85,9425.3976730998
4,reward,86,9427.336167972264
4,reward,87,9500.600422023163
4,reward,88,9443.877744186484
4,reward,89,9433.21922652832
4,reward,90,9500.42157961946
4,reward,91,9451.988036293526
4,reward,92,9431.958900524822
4,reward,93,9501.471635817346
4,reward,94,9444.32799330254
4,reward,95,9505.724580366554
4,reward,96,9509.69735862126
4,reward,97,9497.939592657258
4,reward,98,9446.69283017512
4,reward,99,9462.31289619995
4,reward,100,9449.30877897258
4,reward,101,9449.444913733714
4,reward,102,9501.176137891427
4,reward,103,9442.301828249358
4,reward,104,9483.57349719501
4,reward,105,9496.004034986125
4,reward,106,9513.043978339632
4,reward,107,9446.794240886655
4,reward,108,9441.393350228744
4,reward,109,9492.602429445024
4,reward,110,9492.23893935393
4,reward,111,9453.856711293194
4,reward,112,9507.653827210106
4,reward,113,9441.647108636731
4,reward,114,9430.68918453397
4,reward,115,9441.606531723111
4,reward,116,9442.615064466168
4,reward,117,9450.884508276667
4,reward,118,9428.882225623733
4,reward,119,9438.230207334607
4,reward,120,9498.385896049698
4,reward,121,9450.11742946353
4,reward,122,9454.374754988232
4,reward,123,9472.646153759877
4,reward,124,9484.226944357826
4,reward,125,9483.338770262544
4,reward,126,9434.00780893747
4,reward,127,9491.158253883263
4,reward,128,9439.40880767741
4,reward,129,9477.162556837262
4,reward,130,9440.62371084019
4,reward,131,9446.189424397224
4,reward,132,9477.447198176502
4,reward,133,9437.38535058246
4,reward,134,9427.395826289565
4,reward,135,9438.165043955021
4,reward,136,9436.696451471214
4,reward,137,9499.503364629534
4,reward,138,9504.825307186014
4,loss,0,0.0
4,loss,1,0.0
4,loss,2,0.0
4,loss,3,0.0
4,loss,4,0.0
4,loss,5,0.0
4,loss,6,0.0
4,loss,7,0.0
4,loss,8,0.0
4,loss,9,0.0
4,loss,10,0.0
4,loss,11,0.0
4,loss,12,122.4127917680584
4,loss,13,58.60157048927163
4,loss,14,91.9249942779541
4,loss,15,81.777370058257
4,loss,16,24.748477188746133
4,loss,17,53.116198313863656
4,loss,18,23.444106014048465
4,loss,19,12.817177851994833
4,loss,20,46.793286905288696
4,loss,21,22.7590655203049
4,loss,22,6.123143443694482
4,loss,23,38.788274537433274
4,loss,24,4.755848950809902
4,loss,25,24.52902955900539
4,loss,26,45.71795799515464
4,loss,27,10.943362183041042
4,loss,28,27.373162169920075
4,loss,29,12.995830582849907
4,loss,30,4.669633704423904
4,loss,31,50.68586563522165
4,loss,32,30.495578518935613
4,loss,33,73.46453822016716
4,loss,34,27.224173883958297
4,loss,35,40.29520948727926
4,loss,36,43.357991102066904
4,loss,37,24.903705011395846
4,loss,38,26.344271919306586
4,loss,39,4.643346641374671
4,loss,40,47.60047457615534
4,loss,41,22.41186506111743
4,loss,42,6.7248509775760565
4,loss,43,29.582451031810937
4,loss,44,17.054281141488783
4,loss,45,36.10177415752985
4,loss,46,73.1121145772934
4,loss,47,16.29304916336295
4,loss,48,10.842843063761679
4,loss,49,4.347830948702405
4,loss,50,14.803118289841546
4,loss,51,24.950642629620734
4,loss,52,5.673069867988428
4,loss,53,11.571157192190489
4,loss,54,49.16045230442888
4,loss,55,26.213143154350895
4,loss,56,30.167113152280283
4,loss,57,33.56737295620971
4,loss,58,33.93115232516541
4,loss,59,16.258302904242143
4,loss,60,47.37282338110584
4,loss,61,44.161659781736404
4,loss,62,12.560369985554829
4,loss,63,27.323982557027854
4,loss,64,35.11462163657285
4,loss,65,50.950994988734074
4,loss,66,26.727463189135776
4,loss,67,23.49531528044615
4,loss,68,22.595498532726523
4,loss,69,26.947731694478666
4,loss,70,58.67639555699296
4,loss,71,12.027224506889835
4,loss,72,34.78197076628831
4,loss,73,16.967080472351125
4,loss,74,28.529313692467266
4,loss,75,10.06770544139187
4,loss,76,10.047774306752466
4,loss,77,27.685659753556333
4,loss,78,21.24309284574865
4,loss,79,9.700437500884526
4,loss,80,12.948213697693657
4,loss,81,13.003541354466691
4,loss,82,21.993492948346667
4,loss,83,38.591812595306486
4,loss,84,24.554369773590164
4,loss,85,34.09294265787002
4,loss,86,4.695721261753616
4,loss,87,27.628070939960104
4,loss,88,37.11131638296965
4,loss,89,11.297503498975527
4,loss,90,60.674338456975775
4,loss,91,28.869377098681237
4,loss,92,24.534277611454442
4,loss,93,14.50556995933143
4,loss,94,30.569919717074796
4,loss,95,36.136612630068946
4,loss,96,19.075774995672905
4,loss,97,57.53421675519537
4,loss,98,25.079297023740683
4,loss,99,29.854876996467958
4,loss,100,62.67570108032963
4,loss,101,19.632388383484958
4,loss,102,46.943386011579065
4,loss,103,27.42139987749132
4,loss,104,19.42280516160859
4,loss,105,36.88333509753594
4,loss,106,48.48467127422101
4,loss,107,25.24179570580071
4,loss,108,3.845362670888955
4,loss,109,32.543728279570736
4,loss,110,5.161996392202046
4,loss,111,17.136415292175528
4,loss,112,36.61689270961653
4,loss,113,51.071276891807265
4,loss,114,24.903438531327993
4,loss,115,36.767920624590325
4,loss,116,24.98201501866887
4,loss,117,56.284587726123966
4,loss,118,16.73940060313584
4,loss,119,24.998519396980885
4,loss,120,89.02151448135315
4,loss,121,20.665161126189762
4,loss,122,36.78032475489784
4,loss,123,42.462061964352145
4,loss,124,17.072036308267812
4,loss,125,62.844919157359335
4,loss,126,16.961629885384877
4,loss,127,18.92153250961826
4,loss,128,11.59172326318962
4,loss,129,12.682082973839192
4,loss,130,9.140910552941602
4,loss,131,52.1338307661089
4,loss,132,26.69776323619816
4,loss,133,40.64290030402216
4,loss,134,27.393493427260015
4,loss,135,19.277481948749887
4,loss,136,11.942559417252513
4,loss,137,28.90928814141603
4,loss,138,16.746364692958554
4,epsilon,0,0.9
4,epsilon,1,0.9
4,epsilon,2,0.9
4,epsilon,3,0.9
4,epsilon,4,0.9
4,epsilon,5,0.9
4,epsilon,6,0.9
4,epsilon,7,0.9
4,epsilon,8,0.9
4,epsilon,9,0.9
4,epsilon,10,0.9
4,epsilon,11,0.9
4,epsilon,12,0.839
4,epsilon,13,0.7859999999999999
4,epsilon,14,0.7359999999999999
4,epsilon,15,0.6779999999999998
4,epsilon,16,0.6179999999999998
4,epsilon,17,0.5229999999999997
4,epsilon,18,0.46199999999999963
4,epsilon,19,0.3989999999999996
4,epsilon,20,0.37399999999999956
4,epsilon,21,0.34799999999999953
4,epsilon,22,0.3219999999999995
4,epsilon,23,0.2999999999999995
4,epsilon,24,0.27299999999999947
4,epsilon,25,0.25099999999999945
4,epsilon,26,0.22899999999999943
4,epsilon,27,0.2019999999999994
4,epsilon,28,0.11199999999999932
4,epsilon,29,0.07899999999999929
4,epsilon,30,0.058999999999999275
4,epsilon,31,0.05
4,epsilon,32,0.05
4,epsilon,33,0.05
4,epsilon,34,0.05
4,epsilon,35,0.05
4,epsilon,36,0.05
4,epsilon,37,0.05
4,epsilon,38,0.05
4,epsilon,39,0.05
4,epsilon,40,0.05
4,epsilon,41,0.05
4,epsilon,42,0.05
4,epsilon,43,0.05
4,epsilon,44,0.05
4,epsilon,45,0.05
4,epsilon,46,0.05
4,epsilon,47,0.05
4,epsilon,48,0.05
4,epsilon,49,0.05
4,epsilon,50,0.05
4,epsilon,51,0.05
4,epsilon,52,0.05
4,epsilon,53,0.05
4,epsilon,54,0.05
4,epsilon,55,0.05
4,epsilon,56,0.05
4,epsilon,57,0.05
4,epsilon,58,0.05
4,epsilon,59,0.05
4,epsilon,60,0.05
4,epsilon,61,0.05
4,epsilon,62,0.05
4,epsilon,63,0.05
4,epsilon,64,0.05
4,epsilon,65,0.05
4,epsilon,66,0.05
4,epsilon,67,0.05
4,epsilon,68,0.05
4,epsilon,69,0.05
4,epsilon,70,0.05
4,epsilon,71,0.05
4,epsilon,72,0.05
4,epsilon,73,0.05
4,epsilon,74,0.05
4,epsilon,75,0.05
4,epsilon,76,0.05
4,epsilon,77,0.05
4,epsilon,78,0.05
4,epsilon,79,0.05
4,epsilon,80,0.05
4,epsilon,81,0.05
4,epsilon,82,0.05
4,epsilon,83,0.05
4,epsilon,84,0.05
4,epsilon,85,0.05
4,epsilon,86,0.05
4,epsilon,87,0.05
4,epsilon,88,0.05
4,epsilon,89,0.05
4,epsilon,90,0.05
4,epsilon,91,0.05
4,epsilon,92,0.05
4,epsilon,93,0.05
4,epsilon,94,0.05
4,epsilon,95,0.05
4,epsilon,96,0.05
4,epsilon,97,0.05
4,epsilon,98,0.05
4,epsilon,99,0.05
4,epsilon,100,0.05
4,epsilon,101,0.05
4,epsilon,102,0.05
4,epsilon,103,0.05
4,epsilon,104,0.05
4,epsilon,105,0.05
4,epsilon,106,0.05
4,epsilon,107,0.05
4,epsilon,108,0.05
4,epsilon,109,0.05
4,epsilon,110,0.05
4,epsilon,111,0.05
4,epsilon,112,0.05
4,epsilon,113,0.05
4,epsilon,114,0.05
4,epsilon,115,0.05
4,epsilon,116,0.05
4,epsilon,117,0.05
4,epsilon,118,0.05
4,epsilon,119,0.05
4,epsilon,120,0.05
4,epsilon,121,0.05
4,epsilon,122,0.05
4,epsilon,123,0.05
4,epsilon,124,0.05
4,epsilon,125,0.05
4,epsilon,126,0.05
4,epsilon,127,0.05
4,epsilon,128,0.05
4,epsilon,129,0.05
4,epsilon,130,0.05
4,epsilon,131,0.05
4,epsilon,132,0.05
4,epsilon,133,0.05
4,epsilon,134,0.05
4,epsilon,135,0.05
4,epsilon,136,0.05
4,epsilon,137,0.05
4,epsilon,138,0.05
4,success_rate,0,0.0
4,success_rate,1,0.5
4,success_rate,2,0.6666666666666666
4,success_rate,3,0.75
4,success_rate,4,0.6
4,success_rate,5,0.5
4,success_rate,6,0.42857142857142855
4,success_rate,7,0.375
4,success_rate,8,0.3333333333333333
4,success_rate,9,0.3
4,success_rate,10,0.36363636363636365
4,success_rate,11,0.4166666666666667
4,success_rate,12,0.46153846153846156
4,success_rate,13,0.42857142857142855
4,success_rate,14,0.4
4,success_rate,15,0.375
4,success_rate,16,0.35294117647058826
4,success_rate,17,0.3888888888888889
4,success_rate,18,0.3684210526315789
4,success_rate,19,0.35
4,success_rate,20,0.35
4,success_rate,21,0.3
4,success_rate,22,0.25
4,success_rate,23,0.2
4,success_rate,24,0.2
4,success_rate,25,0.2
4,success_rate,26,0.2
4,success_rate,27,0.2
4,success_rate,28,0.25
4,success_rate,29,0.25
4,success_rate,30,0.2
4,success_rate,31,0.15
4,success_rate,32,0.1
4,success_rate,33,0.1
4,success_rate,34,0.1
4,success_rate,35,0.1
4,success_rate,36,0.1
4,success_rate,37,0.05
4,success_rate,38,0.05
4,success_rate,39,0.05
4,success_rate,40,0.05
4,success_rate,41,0.05
4,success_rate,42,0.05
4,success_rate,43,0.05
4,success_rate,44,0.05
4,success_rate,45,0.05
4,success_rate,46,0.05
4,success_rate,47,0.1
4,success_rate,48,0.1
4,success_rate,49,0.15
4,success_rate,50,0.2
4,success_rate,51,0.25
4,success_rate,52,0.3
4,success_rate,53,0.35
4,success_rate,54,0.4
4,success_rate,55,0.45
4,success_rate,56,0.5
4,success_rate,57,0.55
4,success_rate,58,0.6
4,success_rate,59,0.65
4,success_rate,60,0.7
4,success_rate,61,0.75
4,success_rate,62,0.8
4,success_rate,63,0.85
4,success_rate,64,0.9
4,success_rate,65,0.95
4,success_rate,66,1.0
4,success_rate,67,1.0
4,success_rate,68,1.0
4,success_rate,69,1.0
4,success_rate,70,1.0
4,success_rate,71,1.0
4,success_rate,72,1.0
4,success_rate,73,1.0
4,success_rate,74,1.0
4,success_rate,75,1.0
4,success_rate,76,1.0
4,success_rate,77,1.0
4,success_rate,78,1.0
4,success_rate,79,1.0
4,success_rate,80,1.0
4,success_rate,81,1.0
4,success_rate,82,1.0
4,success_rate,83,1.0
4,success_rate,84,1.0
4,success_rate,85,1.0
4,success_rate,86,1.0
4,success_rate,87,1.0
4,success_rate,88,1.0
4,success_rate,89,1.0
4,success_rate,90,1.0
4,success_rate,91,1.0
4,success_rate,92,1.0
4,success_rate,93,1.0
4,success_rate,94,1.0
4,success_rate,95,1.0
4,success_rate,96,1.0
4,success_rate,97,1.0
4,success_rate,98,1.0
4,success_rate,99,1.0
4,success_rate,100,1.0
4,success_rate,101,1.0
4,success_rate,102,1.0
4,success_rate,103,1.0
4,success_rate,104,1.0
4,success_rate,105,1.0
4,success_rate,106,1.0
4,success_rate,107,1.0
4,success_rate,108,1.0
4,success_rate,109,1.0
4,success_rate,110,1.0
4,success_rate,111,1.0
4,success_rate,112,1.0
4,success_rate,113,1.0
4,success_rate,114,1.0
4,success_rate,115,1.0
4,success_rate,116,1.0
4,success_rate,117,1.0
4,success_rate,118,1.0
4,success_rate,119,1.0
4,success_rate,120,1.0
4,success_rate,121,1.0
4,success_rate,122,1.0
4,success_rate,123,1.0
4,success_rate,124,1.0
4,success_rate,125,1.0
4,success_rate,126,1.0
4,success_rate,127,1.0
4,success_rate,128,1.0
4,success_rate,129,1.0
4,success_rate,130,1.0
4,success_rate,131,1.0
4,success_rate,132,1.0
4,success_rate,133,1.0
4,success_rate,134,1.0
4,success_rate,135,1.0
4,success_rate,136,1.0
4,success_rate,137,1.0
4,success_rate,138,1.0
64,reward,0,1512.5712844198538
64,reward,1,4163.194717629932
64,reward,2,1556.0636594298749
64,reward,3,9381.402545404539
64,reward,4,2444.9916531246113
64,reward,5,1249.0032521399241
64,reward,6,1963.0607175449504
64,reward,7,2967.9487754556185
64,reward,8,2550.2040353603425
64,reward,9,1704.6442977615475
64,reward,10,4498.429947210948
64,reward,11,2196.3192768519334
64,reward,12,4794.413980574406
64,reward,13,2626.122194955704
64,reward,14,1142.615018056677
64,reward,15,2526.503180583801
64,reward,16,4499.015499940765
64,reward,17,2317.6650297695824
64,reward,18,921.1997268349282
64,reward,19,575.7049958473256
64,reward,20,1946.9919982542501
64,reward,21,593.6540993085293
64,reward,22,369.6222406923065
64,reward,23,499.0467615883938
64,reward,24,661.8230371757027
64,reward,25,975.0987676014565
64,reward,26,1383.6022652562583
64,reward,27,3271.7893350131417
64,reward,28,95.80876852773577
64,reward,29,785.1396508542571
64,reward,30,623.3045307351751
64,reward,31,9376.614487171635
64,reward,32,9410.49733456315
64,reward,33,9434.437985355322
64,reward,34,9444.284893883561
64,reward,35,9491.085700330099
64,reward,36,9471.731035420176
64,reward,37,9500.78900052144
64,reward,38,9469.961399553167
64,reward,39,9447.109817260502
64,reward,40,9511.642993842215
64,reward,41,9506.853200093097
64,reward,42,9498.723888017605
64,reward,43,9495.956911816951
64,reward,44,9437.682796136989
64,reward,45,9500.112569986202
64,reward,46,9435.86348276204
64,reward,47,9436.077276995187
64,reward,48,9441.50384557054
64,reward,49,9439.139341284605
64,reward,50,9439.35255541737
64,reward,51,9506.452864700761
64,reward,52,9456.3686237837
64,reward,53,9433.910268486408
64,reward,54,9445.19677577016
64,reward,55,9442.544875321662
64,reward,56,9448.660612013755
64,reward,57,9454.811454522292
64,reward,58,9440.099385259327
64,reward,59,9462.002059507893
64,reward,60,9507.942485505991
64,reward,61,9452.14387705559
64,reward,62,9443.24134599551
64,reward,63,9462.872958066224
64,reward,64,9455.558844074985
64,reward,65,9444.31509057002
64,reward,66,9448.425793771486
64,reward,67,9436.642646985405
64,reward,68,9445.380093007996
64,reward,69,9448.749976878044
64,reward,70,9477.304092606646
64,reward,71,9449.271748552932
64,reward,72,9437.76089368812
64,reward,73,9449.463001446496
64,reward,74,9457.915251347917
64,reward,75,9446.163292906285
64,reward,76,9457.450841491416
64,reward,77,9460.450594561695
64,reward,78,9442.752869702857
64,reward,79,9450.209405969603
64,reward,80,9457.411492595886
64,reward,81,9457.184169863758
64,reward,82,9458.7702841356
64,reward,83,9478.086395985803
64,reward,84,9496.167036802393
64,reward,85,9459.902826993024
64,reward,86,9451.841207158668
64,reward,87,9447.273930704172
64,reward,88,9440.137910376397
64,reward,89,9457.281232798734
64,reward,90,9446.091890097268
64,reward,91,9448.305846091756
64,reward,92,9438.947868585572
64,reward,93,9440.557656338082
64,reward,94,9456.954305172563
64,reward,95,9452.800628966732
64,reward,96,9489.5437390027
64,reward,97,9447.018043166046
64,reward,98,9458.167054158757
64,reward,99,9514.43393539352
64,reward,100,9446.661170426685
64,reward,101,9459.794477965395
64,reward,102,9458.451645677836
64,reward,103,9460.205191528057
64,reward,104,9447.845696479968
64,reward,105,9456.189563976986
64,reward,106,9447.777103905013
64,reward,107,9500.094182122763
64,reward,108,9439.93757896417
64,reward,109,9438.780746411761
64,reward,110,9508.585462136823
64,reward,111,9477.00879659094
64,reward,112,9443.02606316113
64,reward,113,9455.519126925803
64,reward,114,9447.474366938259
64,reward,115,9440.2303859159
64,reward,116,9448.926053085339
64,reward,117,9457.92066270797
64,reward,118,9477.003293543647
64,reward,119,9449.453396097742
64,reward,120,9476.688808069866
64,reward,121,9511.745827700299
64,reward,122,9447.7603020717
64,reward,123,9452.37379323207
64,reward,124,9447.115033274284
64,reward,125,9440.367001512459
64,reward,126,9454.052822617346
64,reward,127,9496.104743164844
64,reward,128,9445.016183177839
64,reward,129,9455.582016994082
64,loss,0,0.0
64,loss,1,0.0
64,loss,2,0.0
64,loss,3,0.0
64,loss,4,0.0
64,loss,5,0.0
64,loss,6,0.0
64,loss,7,0.0
64,loss,8,0.0
64,loss,9,0.0
64,loss,10,0.0
64,loss,11,0.0
64,loss,12,0.0
64,loss,13,0.0
64,loss,14,0.0
64,loss,15,0.0
64,loss,16,65.07385612936581
64,loss,17,64.13634416168811
64,loss,18,58.860482406616214
64,loss,19,54.694443085614374
64,loss,20,46.71628999710083
64,loss,21,41.20308198928833
64,loss,22,37.952762011823985
64,loss,23,30.825744188748875
64,loss,24,27.418950024773093
64,loss,25,21.451399294535317
64,loss,26,22.608672948984
64,loss,27,18.65431683750476
64,loss,28,15.968909168243409
64,loss,29,18.691090965270995
64,loss,30,19.840249255851464
64,loss,31,15.9962543458729
64,loss,32,16.714797306846787
64,loss,33,16.7171941280365
64,loss,34,14.246397168448802
64,loss,35,18.03604085659713
64,loss,36,16.475626964247628
64,loss,37,22.613617566194428
64,loss,38,22.050464438067543
64,loss,39,19.33325233174996
64,loss,40,16.247359630097165
64,loss,41,23.33821905529901
64,loss,42,21.514599853687074
64,loss,43,24.91255615065607
64,loss,44,17.90622968700799
64,loss,45,22.092890149421905
64,loss,46,19.58056594347686
64,loss,47,18.750033817169342
64,loss,48,23.339921905913137
64,loss,49,20.26192920248617
64,loss,50,23.638730366798963
64,loss,51,26.428691091162435
64,loss,52,22.784972368316218
64,loss,53,26.660555830733344
64,loss,54,28.52646183933724
64,loss,55,23.02707296542146
64,loss,56,20.310307506471872
64,loss,57,25.457554195753552
64,loss,58,40.04455734992569
64,loss,59,51.76805875566271
64,loss,60,29.91669141174702
64,loss,61,25.201921137219127
64,loss,62,31.593155829743907
64,loss,63,26.294697308540343
64,loss,64,29.24121819039186
64,loss,65,24.90406844522176
64,loss,66,32.03882491191228
64,loss,67,22.867390652102504
64,loss,68,23.160411884387333
64,loss,69,20.53642355481332
64,loss,70,24.288443760077158
64,loss,71,26.59561664374037
64,loss,72,23.96591257778081
64,loss,73,27.443330435590312
64,loss,74,32.62648126889359
64,loss,75,31.987977385859597
64,loss,76,23.65746369382197
64,loss,77,24.848308724435892
64,loss,78,34.02906829897653
64,loss,79,30.168535091568916
64,loss,80,33.03974640267816
64,loss,81,30.35789792121134
64,loss,82,33.58254534615712
64,loss,83,31.16400539540173
64,loss,84,34.305817303697715
64,loss,85,28.456779839978978
64,loss,86,25.07695300724696
64,loss,87,33.37124911763451
64,loss,88,23.60725766132501
64,loss,89,28.798861327496443
64,loss,90,26.787755634297024
64,loss,91,24.399398277429018
64,loss,92,50.976435955275186
64,loss,93,37.61140810630538
64,loss,94,29.083463603799995
64,loss,95,29.43084066225724
64,loss,96,28.55541671514511
64,loss,97,28.263642124831676
64,loss,98,31.08742509240454
64,loss,99,31.344474390316545
64,loss,100,31.34231075492095
64,loss,101,27.942721684209324
64,loss,102,24.402439258992672
64,loss,103,26.89366661791097
64,loss,104,24.416490118611943
64,loss,105,27.841996732421897
64,loss,106,28.179536525498737
64,loss,107,37.55659466312173
64,loss,108,26.22931160168214
64,loss,109,32.390515868975356
64,loss,110,27.543678082442014
64,loss,111,30.92404285139508
64,loss,112,32.003077296058784
64,loss,113,30.561865149573848
64,loss,114,24.92679961398244
64,loss,115,31.273231078616597
64,loss,116,32.737170367925
64,loss,117,24.44056099517779
64,loss,118,30.692198527328085
64,loss,119,27.996213609776035
64,loss,120,28.338383209839296
64,loss,121,21.659495217132044
64,loss,122,25.845802825488402
64,loss,123,33.00242782942951
64,loss,124,36.922945820641786
64,loss,125,26.9283809479834
64,loss,126,56.02835247069597
64,loss,127,30.767229076181906
64,loss,128,31.18439480896746
64,loss,129,31.631883070888843
64,epsilon,0,0.9
64,epsilon,1,0.9
64,epsilon,2,0.9
64,epsilon,3,0.9
64,epsilon,4,0.9
64,epsilon,5,0.9
64,epsilon,6,0.9
64,epsilon,7,0.9
64,epsilon,8,0.9
64,epsilon,9,0.9
64,epsilon,10,0.9
64,epsilon,11,0.9
64,epsilon,12,0.9
64,epsilon,13,0.9
64,epsilon,14,0.9
64,epsilon,15,0.9
64,epsilon,16,0.883
64,epsilon,17,0.832
64,epsilon,18,0.7819999999999999
64,epsilon,19,0.7479999999999999
64,epsilon,20,0.7039999999999998
64,epsilon,21,0.6639999999999998
64,epsilon,22,0.6349999999999998
64,epsilon,23,0.6089999999999998
64,epsilon,24,0.5749999999999997
64,epsilon,25,0.5449999999999997
64,epsilon,26,0.5059999999999997
64,epsilon,27,0.4469999999999996
64,epsilon,28,0.4219999999999996
64,epsilon,29,0.39199999999999957
64,epsilon,30,0.36499999999999955
64,epsilon,31,0.27399999999999947
64,epsilon,32,0.18299999999999939
64,epsilon,33,0.0929999999999993
64,epsilon,34,0.05
64,epsilon,35,0.05
64,epsilon,36,0.05
64,epsilon,37,0.05
64,epsilon,38,0.05
64,epsilon,39,0.05
64,epsilon,40,0.05
64,epsilon,41,0.05
64,epsilon,42,0.05
64,epsilon,43,0.05
64,epsilon,44,0.05
64,epsilon,45,0.05
64,epsilon,46,0.05
64,epsilon,47,0.05
64,epsilon,48,0.05
64,epsilon,49,0.05
64,epsilon,50,0.05
64,epsilon,51,0.05
64,epsilon,52,0.05
64,epsilon,53,0.05
64,epsilon,54,0.05
64,epsilon,55,0.05
64,epsilon,56,0.05
64,epsilon,57,0.05
64,epsilon,58,0.05
64,epsilon,59,0.05
64,epsilon,60,0.05
64,epsilon,61,0.05
64,epsilon,62,0.05
64,epsilon,63,0.05
64,epsilon,64,0.05
64,epsilon,65,0.05
64,epsilon,66,0.05
64,epsilon,67,0.05
64,epsilon,68,0.05
64,epsilon,69,0.05
64,epsilon,70,0.05
64,epsilon,71,0.05
64,epsilon,72,0.05
64,epsilon,73,0.05
64,epsilon,74,0.05
64,epsilon,75,0.05
64,epsilon,76,0.05
64,epsilon,77,0.05
64,epsilon,78,0.05
64,epsilon,79,0.05
64,epsilon,80,0.05
64,epsilon,81,0.05
64,epsilon,82,0.05
64,epsilon,83,0.05
64,epsilon,84,0.05
64,epsilon,85,0.05
64,epsilon,86,0.05
64,epsilon,87,0.05
64,epsilon,88,0.05
64,epsilon,89,0.05
64,epsilon,90,0.05
64,epsilon,91,0.05
64,epsilon,92,0.05
64,epsilon,93,0.05
64,epsilon,94,0.05
64,epsilon,95,0.05
64,epsilon,96,0.05
64,epsilon,97,0.05
64,epsilon,98,0.05
64,epsilon,99,0.05
64,epsilon,100,0.05
64,epsilon,101,0.05
64,epsilon,102,0.05
64,epsilon,103,0.05
64,epsilon,104,0.05
64,epsilon,105,0.05
64,epsilon,106,0.05
64,epsilon,107,0.05
64,epsilon,108,0.05
64,epsilon,109,0.05
64,epsilon,110,0.05
64,epsilon,111,0.05
64,epsilon,112,0.05
64,epsilon,113,0.05
64,epsilon,114,0.05
64,epsilon,115,0.05
64,epsilon,116,0.05
64,epsilon,117,0.05
64,epsilon,118,0.05
64,epsilon,119,0.05
64,epsilon,120,0.05
64,epsilon,121,0.05
64,epsilon,122,0.05
64,epsilon,123,0.05
64,epsilon,124,0.05
64,epsilon,125,0.05
64,epsilon,126,0.05
64,epsilon,127,0.05
64,epsilon,128,0.05
64,epsilon,129,0.05
64,success_rate,0,0.0
64,success_rate,1,0.0
64,success_rate,2,0.0
64,success_rate,3,0.25
64,success_rate,4,0.2
64,success_rate,5,0.16666666666666666
64,success_rate,6,0.14285714285714285
64,success_rate,7,0.125
64,success_rate,8,0.1111111111111111
64,success_rate,9,0.1
64,success_rate,10,0.09090909090909091
64,success_rate,11,0.08333333333333333
64,success_rate,12,0.07692307692307693
64,success_rate,13,0.07142857142857142
64,success_rate,14,0.06666666666666667
64,success_rate,15,0.0625
64,success_rate,16,0.058823529411764705
64,success_rate,17,0.05555555555555555
64,success_rate,18,0.05263157894736842
64,success_rate,19,0.05
64,success_rate,20,0.05
64,success_rate,21,0.05
64,success_rate,22,0.05
64,success_rate,23,0.0
64,success_rate,24,0.0
64,success_rate,25,0.0
64,success_rate,26,0.0
64,success_rate,27,0.0
64,success_rate,28,0.0
64,success_rate,29,0.0
64,success_rate,30,0.0
64,success_rate,31,0.05
64,success_rate,32,0.1
64,success_rate,33,0.15
64,success_rate,34,0.2
64,success_rate,35,0.25
64,success_rate,36,0.3
64,success_rate,37,0.35
64,success_rate,38,0.4
64,success_rate,39,0.45
64,success_rate,40,0.5
64,success_rate,41,0.55
64,success_rate,42,0.6
64,success_rate,43,0.65
64,success_rate,44,0.7
64,success_rate,45,0.75
64,success_rate,46,0.8
64,success_rate,47,0.85
64,success_rate,48,0.9
64,success_rate,49,0.95
64,success_rate,50,1.0
64,success_rate,51,1.0
64,success_rate,52,1.0
64,success_rate,53,1.0
64,success_rate,54,1.0
64,success_rate,55,1.0
64,success_rate,56,1.0
64,success_rate,57,1.0
64,success_rate,58,1.0
64,success_rate,59,1.0
64,success_rate,60,1.0
64,success_rate,61,1.0
64,success_rate,62,1.0
64,success_rate,63,1.0
64,success_rate,64,1.0
64,success_rate,65,1.0
64,success_rate,66,1.0
64,success_rate,67,1.0
64,success_rate,68,1.0
64,success_rate,69,1.0
64,success_rate,70,1.0
64,success_rate,71,1.0
64,success_rate,72,1.0
64,success_rate,73,1.0
64,success_rate,74,1.0
64,success_rate,75,1.0
64,success_rate,76,1.0
64,success_rate,77,1.0
64,success_rate,78,1.0
64,success_rate,79,1.0
64,success_rate,80,1.0
64,success_rate,81,1.0
64,success_rate,82,1.0
64,success_rate,83,1.0
64,success_rate,84,1.0
64,success_rate,85,1.0
64,success_rate,86,1.0
64,success_rate,87,1.0
64,success_rate,88,1.0
64,success_rate,89,1.0
64,success_rate,90,1.0
64,success_rate,91,1.0
64,success_rate,92,1.0
64,success_rate,93,1.0
64,success_rate,94,1.0
64,success_rate,95,1.0
64,success_rate,96,1.0
64,success_rate,97,1.0
64,success_rate,98,1.0
64,success_rate,99,1.0
64,success_rate,100,1.0
64,success_rate,101,1.0
64,success_rate,102,1.0
64,success_rate,103,1.0
64,success_rate,104,1.0
64,success_rate,105,1.0
64,success_rate,106,1.0
64,success_rate,107,1.0
64,success_rate,108,1.0
64,success_rate,109,1.0
64,success_rate,110,1.0
64,success_rate,111,1.0
64,success_rate,112,1.0
64,success_rate,113,1.0
64,success_rate,114,1.0
64,success_rate,115,1.0
64,success_rate,116,1.0
64,success_rate,117,1.0
64,success_rate,118,1.0
64,success_rate,119,1.0
64,success_rate,120,1.0
64,success_rate,121,1.0
64,success_rate,122,1.0
64,success_rate,123,1.0
64,success_rate,124,1.0
64,success_rate,125,1.0
64,success_rate,126,1.0
64,success_rate,127,1.0
64,success_rate,128,1.0
64,success_rate,129,1.0
128,reward,0,1776.6957439665416
128,reward,1,2428.669042345176
128,reward,2,2805.395872828455
128,reward,3,2449.0282851948423
128,reward,4,2134.6460146933423
128,reward,5,985.730595821912
128,reward,6,985.7422323167134
128,reward,7,5003.294227673255
128,reward,8,578.2906628928872
128,reward,9,9407.01090261207
128,reward,10,1511.038055735076
128,reward,11,2193.87231567991
128,reward,12,2228.423335537604
128,reward,13,2221.068122370984
128,reward,14,2035.1326215104195
128,reward,15,1261.7981528323799
128,reward,16,9467.511767623675
128,reward,17,1023.1933317044018
128,reward,18,1223.0896253535852
128,reward,19,5154.673684451824
128,reward,20,1979.767866461384
128,reward,21,2002.243855869619
128,reward,22,2988.1817050202135
128,reward,23,9419.535918285945
128,reward,24,5380.170990110158
128,reward,25,9448.591899665707
128,reward,26,9436.61733150408
128,reward,27,9436.753638947317
128,reward,28,9466.631991958198
128,reward,29,9450.437872785393
128,reward,30,9506.150445526426
128,reward,31,9495.305129753884
128,reward,32,9444.501708942775
128,reward,33,9508.070147703967
128,reward,34,9441.473426477793
128,reward,35,9434.33730553761
128,reward,36,9501.763027616871
128,reward,37,9501.429848723194
128,reward,38,9441.929872572171
128,reward,39,9503.381268186997
128,reward,40,9448.28749413907
128,reward,41,9497.444159062083
128,reward,42,9508.014548025658
128,reward,43,9451.446767892936
128,reward,44,9443.996670781686
128,reward,45,9483.352960951388
128,reward,46,9457.990356167931
128,reward,47,9443.993412110234
128,reward,48,9461.116448822368
128,reward,49,9511.199906206268
128,reward,50,9450.777521666063
128,reward,51,9457.199804183729
128,reward,52,9442.551863325136
128,reward,53,9427.438984172393
128,reward,54,9501.727616289809
128,reward,55,9443.226359203356
128,reward,56,9429.197117462074
128,reward,57,9456.118299442554
128,reward,58,9456.790613274019
128,reward,59,9458.601117166067
128,reward,60,9462.268492470994
128,reward,61,9489.445752768705
128,reward,62,9468.563382741839
128,reward,63,9463.559878877819
128,reward,64,9439.86090155312
128,reward,65,9508.761173720235
128,reward,66,9445.898494914429
128,reward,67,9440.874176345333
128,reward,68,9440.154931380675
128,reward,69,9446.790736292587
128,reward,70,9442.48846656974
128,reward,71,9449.787585685928
128,reward,72,9455.44144725626
128,reward,73,9435.605728807412
128,reward,74,9449.41568426382
128,reward,75,9451.521774150759
128,reward,76,9461.538496905372
128,reward,77,9500.256156564541
128,reward,78,9454.235356633028
128,reward,79,9446.575416665051
128,reward,80,9512.553969711857
128,reward,81,9510.843699508969
128,reward,82,9476.871900326585
128,reward,83,9439.230974927359
128,reward,84,9441.734754981577
128,reward,85,9447.677372547743
128,reward,86,9451.41748931011
128,reward,87,9511.193044649695
128,reward,88,9435.610787123882
128,reward,89,9450.863079133876
128,reward,90,9442.466194948673
128,reward,91,9449.105594756762
128,reward,92,9488.553345013432
128,reward,93,9489.19662257363
128,reward,94,9492.455947781329
128,reward,95,9453.478013038322
128,reward,96,9443.80049184906
128,reward,97,9459.234055347002
128,reward,98,9443.083486778898
128,reward,99,9455.535933114403
128,reward,100,9481.09452080456
128,reward,101,9459.139678424392
128,reward,102,9453.590378676026
128,reward,103,9458.713358535957
128,reward,104,9451.001421333825
128,reward,105,9440.261596914148
128,reward,106,9439.861040879947
128,reward,107,9456.66440806917
128,reward,108,9458.239183441874
128,reward,109,9437.27764235142
128,reward,110,9461.490328907477
128,reward,111,9437.324697948334
128,reward,112,9462.220994244484
128,reward,113,9449.946613400243
128,reward,114,9439.477055355797
128,reward,115,9451.347966061601
128,reward,116,9447.836500303558
128,reward,117,9448.710062437529
128,reward,118,9460.549949065904
128,reward,119,9440.396296317558
128,reward,120,9451.132597289936
128,reward,121,9443.665558848184
128,loss,0,0.0
128,loss,1,0.0
128,loss,2,0.0
128,loss,3,0.0
128,loss,4,0.0
128,loss,5,0.0
128,loss,6,0.0
128,loss,7,0.0
128,loss,8,0.0
128,loss,9,0.0
128,loss,10,0.0
128,loss,11,0.0
128,loss,12,0.0
128,loss,13,0.0
128,loss,14,0.0
128,loss,15,0.0
128,loss,16,59.733215059552876
128,loss,17,60.97189102172852
128,loss,18,62.77227249145508
128,loss,19,53.69917955503359
128,loss,20,40.232720931371055
128,loss,21,29.113955746526305
128,loss,22,21.46304360751448
128,loss,23,18.745747285140187
128,loss,24,19.42073960786455
128,loss,25,18.393893902716428
128,loss,26,16.335626245840736
128,loss,27,17.075717827775975
128,loss,28,18.05295406566577
128,loss,29,18.728624373339535
128,loss,30,20.784074286838155
128,loss,31,23.931189261125713
128,loss,32,19.16955051232468
128,loss,33,21.502603742513763
128,loss,34,24.868851126594976
128,loss,35,25.15018837424842
128,loss,36,20.74119331327717
128,loss,37,25.174391717723246
128,loss,38,21.959116685796868
128,loss,39,22.220371836423872
128,loss,40,27.26716914705255
128,loss,41,21.071326453818216
128,loss,42,25.89134104801028
128,loss,43,20.074128244700056
128,loss,44,25.992786395617507
128,loss,45,23.808701825610708
128,loss,46,26.18456430530006
128,loss,47,26.765902550044384
128,loss,48,26.415929679166187
128,loss,49,27.52891710969839
128,loss,50,26.328744959424842
128,loss,51,28.04478508471088
128,loss,52,29.20665976201946
128,loss,53,58.56766744093461
128,loss,54,30.580357373430488
128,loss,55,25.578561116348613
128,loss,56,30.883045113086702
128,loss,57,24.861231292513285
128,loss,58,24.861497511917893
128,loss,59,24.725289085371926
128,loss,60,25.750690240074288
128,loss,61,26.31001018219524
128,loss,62,28.294590454300245
128,loss,63,25.303734377357696
128,loss,64,28.317863999442622
128,loss,65,30.21555374612969
128,loss,66,26.77627227150581
128,loss,67,24.404311883178625
128,loss,68,25.02789429236542
128,loss,69,24.103319396349516
128,loss,70,24.284573571400696
128,loss,71,25.912326076829974
128,loss,72,28.273627398027614
128,loss,73,25.196297550404612
128,loss,74,25.981005237014458
128,loss,75,33.24854481118646
128,loss,76,24.65954894132235
128,loss,77,20.891231613547614
128,loss,78,29.049511754038658
128,loss,79,25.2706877941435
128,loss,80,26.747069320744938
128,loss,81,25.5735527662079
128,loss,82,27.197629682468563
128,loss,83,30.358789650723338
128,loss,84,28.929078951478004
128,loss,85,31.048325434327126
128,loss,86,35.8005194067955
128,loss,87,46.786947549044434
128,loss,88,24.588406564837154
128,loss,89,29.689493819393896
128,loss,90,27.10809800028801
128,loss,91,27.992161663418468
128,loss,92,30.208416132444746
128,loss,93,31.92987256149451
128,loss,94,29.72722404764758
128,loss,95,33.32634808394042
128,loss,96,24.917127562178806
128,loss,97,24.95310850983316
128,loss,98,27.42234621155128
128,loss,99,26.48795536363667
128,loss,100,30.982354569103983
128,loss,101,26.893511984158646
128,loss,102,28.77639110081575
128,loss,103,31.333755809813738
128,loss,104,31.562323962761596
128,loss,105,31.165381146594882
128,loss,106,32.625152171504766
128,loss,107,28.416324980218302
128,loss,108,25.972113785079934
128,loss,109,26.355216566134583
128,loss,110,27.438243746757507
128,loss,111,26.783081125468016
128,loss,112,25.033252872865308
128,loss,113,31.452751399441198
128,loss,114,36.55487092516639
128,loss,115,25.1361064162444
128,loss,116,27.013571978462014
128,loss,117,29.6355473656546
128,loss,118,28.53134606473825
128,loss,119,25.06948086974973
128,loss,120,40.04593053629453
128,loss,121,50.084732540629126
128,epsilon,0,0.9
128,epsilon,1,0.9
128,epsilon,2,0.9
128,epsilon,3,0.9
128,epsilon,4,0.9
128,epsilon,5,0.9
128,epsilon,6,0.9
128,epsilon,7,0.9
128,epsilon,8,0.9
128,epsilon,9,0.9
128,epsilon,10,0.9
128,epsilon,11,0.9
128,epsilon,12,0.9
128,epsilon,13,0.9
128,epsilon,14,0.9
128,epsilon,15,0.9
128,epsilon,16,0.886
128,epsilon,17,0.856
128,epsilon,18,0.816
128,epsilon,19,0.7249999999999999
128,epsilon,20,0.6769999999999998
128,epsilon,21,0.6309999999999998
128,epsilon,22,0.5729999999999997
128,epsilon,23,0.47799999999999965
128,epsilon,24,0.38899999999999957
128,epsilon,25,0.2969999999999995
128,epsilon,26,0.2049999999999994
128,epsilon,27,0.11399999999999932
128,epsilon,28,0.05
128,epsilon,29,0.05
128,epsilon,30,0.05
128,epsilon,31,0.05
128,epsilon,32,0.05
128,epsilon,33,0.05
128,epsilon,34,0.05
128,epsilon,35,0.05
128,epsilon,36,0.05
128,epsilon,37,0.05
128,epsilon,38,0.05
128,epsilon,39,0.05
128,epsilon,40,0.05
128,epsilon,41,0.05
128,epsilon,42,0.05
128,epsilon,43,0.05
128,epsilon,44,0.05
128,epsilon,45,0.05
128,epsilon,46,0.05
128,epsilon,47,0.05
128,epsilon,48,0.05
128,epsilon,49,0.05
128,epsilon,50,0.05
128,epsilon,51,0.05
128,epsilon,52,0.05
128,epsilon,53,0.05
128,epsilon,54,0.05
128,epsilon,55,0.05
128,epsilon,56,0.05
128,epsilon,57,0.05
128,epsilon,58,0.05
128,epsilon,59,0.05
128,epsilon,60,0.05
128,epsilon,61,0.05
128,epsilon,62,0.05
128,epsilon,63,0.05
128,epsilon,64,0.05
128,epsilon,65,0.05
128,epsilon,66,0.05
128,epsilon,67,0.05
128,epsilon,68,0.05
128,epsilon,69,0.05
128,epsilon,70,0.05
128,epsilon,71,0.05
128,epsilon,72,0.05
128,epsilon,73,0.05
128,epsilon,74,0.05
128,epsilon,75,0.05
128,epsilon,76,0.05
128,epsilon,77,0.05
128,epsilon,78,0.05
128,epsilon,79,0.05
128,epsilon,80,0.05
128,epsilon,81,0.05
128,epsilon,82,0.05
128,epsilon,83,0.05
128,epsilon,84,0.05
128,epsilon,85,0.05
128,epsilon,86,0.05
128,epsilon,87,0.05
128,epsilon,88,0.05
128,epsilon,89,0.05
128,epsilon,90,0.05
128,epsilon,91,0.05
128,epsilon,92,0.05
128,epsilon,93,0.05
128,epsilon,94,0.05
128,epsilon,95,0.05
128,epsilon,96,0.05
128,epsilon,97,0.05
128,epsilon,98,0.05
128,epsilon,99,0.05
128,epsilon,100,0.05
128,epsilon,101,0.05
128,epsilon,102,0.05
128,epsilon,103,0.05
128,epsilon,104,0.05
128,epsilon,105,0.05
128,epsilon,106,0.05
128,epsilon,107,0.05
128,epsilon,108,0.05
128,epsilon,109,0.05
128,epsilon,110,0.05
128,epsilon,111,0.05
128,epsilon,112,0.05
128,epsilon,113,0.05
128,epsilon,114,0.05
128,epsilon,115,0.05
128,epsilon,116,0.05
128,epsilon,117,0.05
128,epsilon,118,0.05
128,epsilon,119,0.05
128,epsilon,120,0.05
128,epsilon,121,0.05
128,success_rate,0,0.0
128,success_rate,1,0.0
128,success_rate,2,0.0
128,success_rate,3,0.0
128,success_rate,4,0.0
128,success_rate,5,0.0
128,success_rate,6,0.0
128,success_rate,7,0.0
128,success_rate,8,0.0
128,success_rate,9,0.1
128,success_rate,10,0.09090909090909091
128,success_rate,11,0.08333333333333333
128,success_rate,12,0.07692307692307693
128,success_rate,13,0.07142857142857142
128,success_rate,14,0.06666666666666667
128,success_rate,15,0.0625
128,success_rate,16,0.11764705882352941
128,success_rate,17,0.1111111111111111
128,success_rate,18,0.10526315789473684
128,success_rate,19,0.1
128,success_rate,20,0.1
128,success_rate,21,0.1
128,success_rate,22,0.1
128,success_rate,23,0.15
128,success_rate,24,0.15
128,success_rate,25,0.2
128,success_rate,26,0.25
128,success_rate,27,0.3
128,success_rate,28,0.35
128,success_rate,29,0.35
128,success_rate,30,0.4
128,success_rate,31,0.45
128,success_rate,32,0.5
128,success_rate,33,0.55
128,success_rate,34,0.6
128,success_rate,35,0.65
128,success_rate,36,0.65
128,success_rate,37,0.7
128,success_rate,38,0.75
128,success_rate,39,0.8
128,success_rate,40,0.85
128,success_rate,41,0.9
128,success_rate,42,0.95
128,success_rate,43,0.95
128,success_rate,44,1.0
128,success_rate,45,1.0
128,success_rate,46,1.0
128,success_rate,47,1.0
128,success_rate,48,1.0
128,success_rate,49,1.0
128,success_rate,50,1.0
128,success_rate,51,1.0
128,success_rate,52,1.0
128,success_rate,53,1.0
128,success_rate,54,1.0
128,success_rate,55,1.0
128,success_rate,56,1.0
128,success_rate,57,1.0
128,success_rate,58,1.0
128,success_rate,59,1.0
128,success_rate,60,1.0
128,success_rate,61,1.0
128,success_rate,62,1.0
128,success_rate,63,1.0
128,success_rate,64,1.0
128,success_rate,65,1.0
128,success_rate,66,1.0
128,success_rate,67,1.0
128,success_rate,68,1.0
128,success_rate,69,1.0
128,success_rate,70,1.0
128,success_rate,71,1.0
128,success_rate,72,1.0
128,success_rate,73,1.0
128,success_rate,74,1.0
128,success_rate,75,1.0
128,success_rate,76,1.0
128,success_rate,77,1.0
128,success_rate,78,1.0
128,success_rate,79,1.0
128,success_rate,80,1.0
128,success_rate,81,1.0
128,success_rate,82,1.0
128,success_rate,83,1.0
128,success_rate,84,1.0
128,success_rate,85,1.0
128,success_rate,86,1.0
128,success_rate,87,1.0
128,success_rate,88,1.0
128,success_rate,89,1.0
128,success_rate,90,1.0
128,success_rate,91,1.0
128,success_rate,92,1.0
128,success_rate,93,1.0
128,success_rate,94,1.0
128,success_rate,95,1.0
128,success_rate,96,1.0
128,success_rate,97,1.0
128,success_rate,98,1.0
128,success_rate,99,1.0
128,success_rate,100,1.0
128,success_rate,101,1.0
128,success_rate,102,1.0
128,success_rate,103,1.0
128,success_rate,104,1.0
128,success_rate,105,1.0
128,success_rate,106,1.0
128,success_rate,107,1.0
128,success_rate,108,1.0
128,success_rate,109,1.0
128,success_rate,110,1.0
128,success_rate,111,1.0
128,success_rate,112,1.0
128,success_rate,113,1.0
128,success_rate,114,1.0
128,success_rate,115,1.0
128,success_rate,116,1.0
128,success_rate,117,1.0
128,success_rate,118,1.0
128,success_rate,119,1.0
128,success_rate,120,1.0
128,success_rate,121,1.0
1280,reward,0,4910.367741122345
1280,reward,1,3855.3226987309463
1280,reward,2,5271.398919205817
1280,reward,3,1854.9023970138137
1280,reward,4,5723.024692759332
1280,reward,5,3792.5948675867667
1280,reward,6,1987.6126825165975
1280,reward,7,1857.1472426776163
1280,reward,8,3693.6558476884647
1280,reward,9,2513.4370464443064
1280,reward,10,839.0343128729389
1280,reward,11,5846.707875063225
1280,reward,12,2164.4573987654426
1280,reward,13,1323.5035564193483
1280,reward,14,9477.225184452127
1280,reward,15,1595.041370918425
1280,reward,16,5026.813978081237
1280,reward,17,509.8533358197701
1280,reward,18,4243.676824092047
1280,reward,19,9437.51549575807
1280,reward,20,9445.46460230778
1280,reward,21,9485.032340929525
1280,reward,22,9469.222786499717
1280,reward,23,9510.834836377184
1280,reward,24,9447.532563824469
1280,reward,25,9442.727504055492
1280,reward,26,9499.604848592282
1280,reward,27,9451.021991446243
1280,reward,28,9446.629559331612
1280,reward,29,9452.33994384883
1280,reward,30,9448.407697598315
1280,reward,31,9458.443127909362
1280,reward,32,9454.897281555674
1280,reward,33,9451.47961113567
1280,reward,34,9448.223711560513
1280,reward,35,9445.257094112967
1280,reward,36,9461.700557183012
1280,reward,37,9462.871392299814
1280,reward,38,9449.184932718643
1280,reward,39,9506.259385131447
1280,reward,40,9463.801725588048
1280,reward,41,9440.66378251676
1280,reward,42,9455.10114911489
1280,reward,43,9477.581160799658
1280,reward,44,9453.375374020517
1280,reward,45,9462.217489561117
1280,reward,46,9468.565202472626
1280,reward,47,9465.70269809501
1280,reward,48,9439.770628562734
1280,reward,49,9507.517406597537
1280,reward,50,9445.611869874834
1280,reward,51,9444.306183611909
1280,reward,52,9449.982206872111
1280,reward,53,9458.638551314754
1280,reward,54,9453.034071079226
1280,reward,55,9463.758876500217
1280,reward,56,9463.929512699224
1280,reward,57,9455.022776185542
1280,reward,58,9463.704227454602
1280,reward,59,9464.810222277927
1280,reward,60,9453.681905383004
1280,reward,61,9454.240945627824
1280,reward,62,9514.231579209063
1280,reward,63,9454.422312459574
1280,reward,64,9443.422623193928
1280,reward,65,9451.598909944365
1280,reward,66,9453.593111324048
1280,reward,67,9506.842607086008
1280,reward,68,9464.2873915751
1280,reward,69,9511.98878297011
1280,reward,70,9463.905126098984
1280,reward,71,9453.581456060812
1280,reward,72,9462.743884148455
1280,reward,73,9455.047330464302
1280,reward,74,9453.86395872581
1280,reward,75,9455.257094112967
1280,reward,76,9443.680528175977
1280,reward,77,9464.352555985814
1280,reward,78,9454.776675346176
1280,reward,79,9455.25946314923
1280,reward,80,9463.595407355562
1280,reward,81,9455.042866049982
1280,reward,82,9452.08488880887
1280,reward,83,9445.660760203113
1280,reward,84,9418.600492548037
1280,reward,85,9433.902772688238
1280,reward,86,9452.85791818667
1280,reward,87,9445.257094112967
1280,reward,88,9486.643509044708
1280,reward,89,9488.553402922274
1280,reward,90,9452.771583214522
1280,reward,91,9454.72525870679
1280,reward,92,9453.636767012373
1280,reward,93,9446.553001234599
1280,reward,94,9491.938963734752
1280,reward,95,9497.941058231914
1280,reward,96,9462.393333388894
1280,reward,97,9441.502689042543
1280,reward,98,9454.148211925243
1280,reward,99,9441.311570852558
1280,reward,100,9454.127509365047
1280,reward,101,9463.736518583704
1280,reward,102,9445.704777061977
1280,reward,103,9509.44147194468
1280,reward,104,9430.43324868049
1280,reward,105,9448.040159978573
1280,reward,106,9460.993201077667
1280,reward,107,9513.136895646854
1280,reward,108,9504.514803888673
1280,reward,109,9441.735195985488
1280,reward,110,9461.452512276683
1280,reward,111,9460.183317781995
1280,reward,112,9464.187207541285
1280,reward,113,9451.6570687349
1280,reward,114,9461.758012284521
1280,reward,115,9511.494611839662
1280,reward,116,9463.365695667017
1280,reward,117,9414.940565786337
1280,loss,0,0.0
1280,loss,1,0.0
1280,loss,2,0.0
1280,loss,3,0.0
1280,loss,4,0.0
1280,loss,5,0.0
1280,loss,6,0.0
1280,loss,7,0.0
1280,loss,8,0.0
1280,loss,9,0.0
1280,loss,10,0.0
1280,loss,11,0.0
1280,loss,12,0.0
1280,loss,13,0.0
1280,loss,14,50.643971076378456
1280,loss,15,49.49954535255969
1280,loss,16,34.50809565242033
1280,loss,17,18.858789205551147
1280,loss,18,14.545070128007369
1280,loss,19,10.259917526454716
1280,loss,20,10.629840049547019
1280,loss,21,10.913240740034315
1280,loss,22,11.76607932401507
1280,loss,23,12.73531791065516
1280,loss,24,14.19763713533228
1280,loss,25,14.457223057746887
1280,loss,26,15.422442457649145
1280,loss,27,15.863232092423873
1280,loss,28,16.60245257074183
1280,loss,29,16.79420621286739
1280,loss,30,17.884727217934348
1280,loss,31,17.912660927242705
1280,loss,32,18.238661365075544
1280,loss,33,18.321685552597046
1280,loss,34,19.873563116247002
1280,loss,35,20.744008790362965
1280,loss,36,20.238276752558622
1280,loss,37,20.880090258338235
1280,loss,38,21.076646327972412
1280,loss,39,21.62145758210943
1280,loss,40,20.479527327147398
1280,loss,41,21.12004520676353
1280,loss,42,21.68836545944214
1280,loss,43,22.975342857703733
1280,loss,44,22.50308917869221
1280,loss,45,21.65203881263733
1280,loss,46,22.3790422545539
1280,loss,47,22.35948222333735
1280,loss,48,32.455686976400656
1280,loss,49,47.395311377021706
1280,loss,50,26.60783326625824
1280,loss,51,24.79281897978349
1280,loss,52,22.508269125765022
1280,loss,53,24.864643814858425
1280,loss,54,24.965918605977837
1280,loss,55,24.049884059212424
1280,loss,56,24.475475018674675
1280,loss,57,23.940182761712506
1280,loss,58,25.169418681751598
1280,loss,59,24.24848025495356
1280,loss,60,24.787486108866606
1280,loss,61,23.58257268775593
1280,loss,62,24.775569200515747
1280,loss,63,24.797148774970662
1280,loss,64,25.604295058683917
1280,loss,65,26.24987903508273
1280,loss,66,25.57726151292974
1280,loss,67,25.76176069023904
1280,loss,68,25.93604436787692
1280,loss,69,26.473588477240668
1280,loss,70,26.70205074006861
1280,loss,71,25.2853675105355
1280,loss,72,24.899141203273427
1280,loss,73,27.003871668468822
1280,loss,74,27.15647250955755
1280,loss,75,26.570799827575684
1280,loss,76,26.185535322536122
1280,loss,77,27.18278706073761
1280,loss,78,27.215517033230174
1280,loss,79,25.83900138464841
1280,loss,80,27.87771668217399
1280,loss,81,26.109497666358948
1280,loss,82,37.41609148545699
1280,loss,83,43.82907839571492
1280,loss,84,27.12343261458657
1280,loss,85,27.283532890406523
1280,loss,86,26.022857958620246
1280,loss,87,27.132040294733915
1280,loss,88,25.77230964912163
1280,loss,89,27.763161144899517
1280,loss,90,27.076876965436067
1280,loss,91,26.567294337532736
1280,loss,92,27.069142054427754
1280,loss,93,25.891396024010398
1280,loss,94,25.89029013172964
1280,loss,95,26.840007464090984
1280,loss,96,26.944245999509636
1280,loss,97,26.774563312530518
1280,loss,98,27.688603791323576
1280,loss,99,27.613192189823497
1280,loss,100,27.2557006965984
1280,loss,101,27.941701076247476
1280,loss,102,26.811662305485118
1280,loss,103,28.738452193442356
1280,loss,104,27.766867648471486
1280,loss,105,28.33565455133265
1280,loss,106,29.296556982127104
1280,loss,107,26.32579787393634
1280,loss,108,27.60467559300112
1280,loss,109,26.92024664445357
1280,loss,110,26.92495368827473
1280,loss,111,27.541736071760003
1280,loss,112,26.982597264376555
1280,loss,113,26.34161225232211
1280,loss,114,26.964070601896807
1280,loss,115,27.838451010457586
1280,loss,116,42.190926215865396
1280,loss,117,38.70305230400779
1280,epsilon,0,0.9
1280,epsilon,1,0.9
1280,epsilon,2,0.9
1280,epsilon,3,0.9
1280,epsilon,4,0.9
1280,epsilon,5,0.9
1280,epsilon,6,0.9
1280,epsilon,7,0.9
1280,epsilon,8,0.9
1280,epsilon,9,0.9
1280,epsilon,10,0.9
1280,epsilon,11,0.9
1280,epsilon,12,0.9
1280,epsilon,13,0.9
1280,epsilon,14,0.887
1280,epsilon,15,0.816
1280,epsilon,16,0.6549999999999998
1280,epsilon,17,0.6269999999999998
1280,epsilon,18,0.5499999999999997
1280,epsilon,19,0.45899999999999963
1280,epsilon,20,0.36199999999999954
1280,epsilon,21,0.27199999999999946
1280,epsilon,22,0.18299999999999939
1280,epsilon,23,0.0939999999999993
1280,epsilon,24,0.05
1280,epsilon,25,0.05
1280,epsilon,26,0.05
1280,epsilon,27,0.05
1280,epsilon,28,0.05
1280,epsilon,29,0.05
1280,epsilon,30,0.05
1280,epsilon,31,0.05
1280,epsilon,32,0.05
1280,epsilon,33,0.05
1280,epsilon,34,0.05
1280,epsilon,35,0.05
1280,epsilon,36,0.05
1280,epsilon,37,0.05
1280,epsilon,38,0.05
1280,epsilon,39,0.05
1280,epsilon,40,0.05
1280,epsilon,41,0.05
1280,epsilon,42,0.05
1280,epsilon,43,0.05
1280,epsilon,44,0.05
1280,epsilon,45,0.05
1280,epsilon,46,0.05
1280,epsilon,47,0.05
1280,epsilon,48,0.05
1280,epsilon,49,0.05
1280,epsilon,50,0.05
1280,epsilon,51,0.05
1280,epsilon,52,0.05
1280,epsilon,53,0.05
1280,epsilon,54,0.05
1280,epsilon,55,0.05
1280,epsilon,56,0.05
1280,epsilon,57,0.05
1280,epsilon,58,0.05
1280,epsilon,59,0.05
1280,epsilon,60,0.05
1280,epsilon,61,0.05
1280,epsilon,62,0.05
1280,epsilon,63,0.05
1280,epsilon,64,0.05
1280,epsilon,65,0.05
1280,epsilon,66,0.05
1280,epsilon,67,0.05
1280,epsilon,68,0.05
1280,epsilon,69,0.05
1280,epsilon,70,0.05
1280,epsilon,71,0.05
1280,epsilon,72,0.05
1280,epsilon,73,0.05
1280,epsilon,74,0.05
1280,epsilon,75,0.05
1280,epsilon,76,0.05
1280,epsilon,77,0.05
1280,epsilon,78,0.05
1280,epsilon,79,0.05
1280,epsilon,80,0.05
1280,epsilon,81,0.05
1280,epsilon,82,0.05
1280,epsilon,83,0.05
1280,epsilon,84,0.05
1280,epsilon,85,0.05
1280,epsilon,86,0.05
1280,epsilon,87,0.05
1280,epsilon,88,0.05
1280,epsilon,89,0.05
1280,epsilon,90,0.05
1280,epsilon,91,0.05
1280,epsilon,92,0.05
1280,epsilon,93,0.05
1280,epsilon,94,0.05
1280,epsilon,95,0.05
1280,epsilon,96,0.05
1280,epsilon,97,0.05
1280,epsilon,98,0.05
1280,epsilon,99,0.05
1280,epsilon,100,0.05
1280,epsilon,101,0.05
1280,epsilon,102,0.05
1280,epsilon,103,0.05
1280,epsilon,104,0.05
1280,epsilon,105,0.05
1280,epsilon,106,0.05
1280,epsilon,107,0.05
1280,epsilon,108,0.05
1280,epsilon,109,0.05
1280,epsilon,110,0.05
1280,epsilon,111,0.05
1280,epsilon,112,0.05
1280,epsilon,113,0.05
1280,epsilon,114,0.05
1280,epsilon,115,0.05
1280,epsilon,116,0.05
1280,epsilon,117,0.05
1280,success_rate,0,0.0
1280,success_rate,1,0.0
1280,success_rate,2,0.0
1280,success_rate,3,0.0
1280,success_rate,4,0.0
1280,success_rate,5,0.0
1280,success_rate,6,0.0
1280,success_rate,7,0.0
1280,success_rate,8,0.0
1280,success_rate,9,0.0
1280,success_rate,10,0.0
1280,success_rate,11,0.0
1280,success_rate,12,0.0
1280,success_rate,13,0.0
1280,success_rate,14,0.06666666666666667
1280,success_rate,15,0.0625
1280,success_rate,16,0.058823529411764705
1280,success_rate,17,0.05555555555555555
1280,success_rate,18,0.05263157894736842
1280,success_rate,19,0.1
1280,success_rate,20,0.15
1280,success_rate,21,0.2
1280,success_rate,22,0.25
1280,success_rate,23,0.3
1280,success_rate,24,0.35
1280,success_rate,25,0.4
1280,success_rate,26,0.45
1280,success_rate,27,0.5
1280,success_rate,28,0.55
1280,success_rate,29,0.6
1280,success_rate,30,0.65
1280,success_rate,31,0.7
1280,success_rate,32,0.75
1280,success_rate,33,0.8
1280,success_rate,34,0.8
1280,success_rate,35,0.85
1280,success_rate,36,0.9
1280,success_rate,37,0.95
1280,success_rate,38,1.0
1280,success_rate,39,1.0
1280,success_rate,40,1.0
1280,success_rate,41,1.0
1280,success_rate,42,1.0
1280,success_rate,43,1.0
1280,success_rate,44,1.0
1280,success_rate,45,1.0
1280,success_rate,46,1.0
1280,success_rate,47,1.0
1280,success_rate,48,1.0
1280,success_rate,49,1.0
1280,success_rate,50,1.0
1280,success_rate,51,1.0
1280,success_rate,52,1.0
1280,success_rate,53,1.0
1280,success_rate,54,1.0
1280,success_rate,55,1.0
1280,success_rate,56,1.0
1280,success_rate,57,1.0
1280,success_rate,58,1.0
1280,success_rate,59,1.0
1280,success_rate,60,1.0
1280,success_rate,61,1.0
1280,success_rate,62,1.0
1280,success_rate,63,1.0
1280,success_rate,64,1.0
1280,success_rate,65,1.0
1280,success_rate,66,1.0
1280,success_rate,67,1.0
1280,success_rate,68,1.0
1280,success_rate,69,1.0
1280,success_rate,70,1.0
1280,success_rate,71,1.0
1280,success_rate,72,1.0
1280,success_rate,73,1.0
1280,success_rate,74,1.0
1280,success_rate,75,1.0
1280,success_rate,76,1.0
1280,success_rate,77,1.0
1280,success_rate,78,1.0
1280,success_rate,79,1.0
1280,success_rate,80,1.0
1280,success_rate,81,1.0
1280,success_rate,82,1.0
1280,success_rate,83,1.0
1280,success_rate,84,1.0
1280,success_rate,85,1.0
1280,success_rate,86,1.0
1280,success_rate,87,1.0
1280,success_rate,88,1.0
1280,success_rate,89,1.0
1280,success_rate,90,1.0
1280,success_rate,91,1.0
1280,success_rate,92,1.0
1280,success_rate,93,1.0
1280,success_rate,94,1.0
1280,success_rate,95,1.0
1280,success_rate,96,1.0
1280,success_rate,97,1.0
1280,success_rate,98,1.0
1280,success_rate,99,1.0
1280,success_rate,100,1.0
1280,success_rate,101,1.0
1280,success_rate,102,1.0
1280,success_rate,103,1.0
1280,success_rate,104,1.0
1280,success_rate,105,1.0
1280,success_rate,106,1.0
1280,success_rate,107,1.0
1280,success_rate,108,1.0
1280,success_rate,109,1.0
1280,success_rate,110,1.0
1280,success_rate,111,1.0
1280,success_rate,112,1.0
1280,success_rate,113,1.0
1280,success_rate,114,1.0
1280,success_rate,115,1.0
1280,success_rate,116,1.0
1280,success_rate,117,1.0
